cam0:
  T_cam_imu:
  - [-0.0005331565664249971, -0.9999979976791811, 0.001928829101913998, -0.022810679543602524]
  - [0.02891716343880657, 0.001912605412264956, 0.9995799815918638, -0.006394903474057467]
  - [-0.999581669201036, 0.0005887088972383325, 0.02891608581923366, -0.06710428057808952]
  - [0.0, 0.0, 0.0, 1.0]
  cam_overlaps: []
  camera_model: pinhole
  distortion_coeffs: [0.06953728030442537, -0.03358262278601729, 0.002590582102538007, -0.0003753174916433061]
  distortion_model: radtan
  intrinsics: [911.2030317356904, 912.4758212945842, 958.5580769152216, 557.0988251312161]
  resolution: [1920, 1080]
  rostopic: /rgb/image_raw
  timeshift_cam_imu: 0.003322527444392813

imu0:
  T_i_b:
  - [1.0, 0.0, 0.0, 0.0]
  - [0.0, 1.0, 0.0, 0.0]
  - [0.0, 0.0, 1.0, 0.0]
  - [0.0, 0.0, 0.0, 1.0]
  accelerometer_noise_density: 0.0026604974143188873
  accelerometer_random_walk: 6.304247486734976e-05
  accelerometers:
    M:
    - [1.0035088029895571, 0.0, 0.0]
    - [-0.0034569720703641164, 0.9993455264689382, 0.0]
    - [0.0003636335751647329, 0.0003145264533953033, 0.9969932514321628]
  gyroscope_noise_density: 0.00017022936107721848
  gyroscope_random_walk: 5.868080514782825e-06
  gyroscopes:
    A:
    - [3.419449947135361e-05, -0.00013182329262795685, 6.267864031863084e-05]
    - [1.8054292162688187e-05, 3.30670458217527e-05, 7.702383986986133e-05]
    - [0.00011264000840342152, 1.8504507941381966e-05, -3.398130548235497e-05]
    C_gyro_i:
    - [0.9999886935457989, 0.0031891084821764316, 0.003527374045267378]
    - [-0.0032024974606351783, 0.9999876647573708, 0.0037966225931570295]
    - [-0.003515222692937226, -0.0038078760732402407, 0.9999865715544534]
    M:
    - [0.9989229767487345, 0.0, 0.0]
    - [0.004881809982776767, 0.9998969731843047, 0.0]
    - [0.0004643223744300683, -0.004047299425960575, 0.9913511803342073]
  model: scale-misalignment
  rostopic: /imu
  time_offset: 0.0
  update_rate: 400.0
